104
104
112
112
112
112
112
112
114
112
112
112
114
104
104
176
176
104
104
104
104
122
122
104
104
104
104
180
180
104
104
104
104
124
124
104
104
104
104
256
256
104
104
104
104
104
141
141
110
104
104
104
104
271
320
168
104
104
104
104
150
163
104
104
104
104
104
104
104
104
104
104
104
104
104
104
104
126
132
113
104
104
104
104
104
104
104
104
104
104
104
104
104
104
104
104
104
104
104
104
104
104
104
104
104
104
104
104
104
104
104
105
106
104
106
105
105
104
104
106
108
108
104
104
104
104
104
108
108
112
112
104
104
110
110
108
104
104
104
104
104
104
104
104
106
106
104
104
104
104
104
104
104
104
104
104
104
104
104
104
104
104
104
104
104
104
104
104
104
104
104
104
104
104
104
104
104
104
104
104
104
104
104
104
104
104
104
104
104
104
104
104
104
104
104
104
104
104
104
104
104
104
104
104
104
104
104
104
104
104
104
104
104
104
104
104
104
104
104
104
104
104
104
104
104
104
104
104
104
104
104
104
104
104
104
104
104
104
104
104
104
104
104
104
104
104
104
104
104
104
104
104
104
104
104
104
104
104
104
104
104
104
104
104
106
106
104
108
108
106
104
104
104
104
104
104
104
104
104
104
104
104
104
104
104
104
104
104
104
104
104
104
104
108
108
110
108
110
110
106
104
104
104
104
104
104
104
104
104
104
104
108
108
104
104
108
108
104
104
108
108
106
104
104
104
104
104
106
104
104
106
106
104
104
104
104
104
104
106
108
108
104
104
104
104
104
104
104
104
104
104
104
104
104
104
104
104
104
104
104
104
104
106
106
104
104
104
104
104
104
104
104
104
104
104
104
104
104
104
104
104
104
104
104
104
104
104
104
104
104
104
104
104
104
104
104
104
104
104
104
104
104
104
104
104
104
104
104
104
104
104
104
104
104
104
104
104
108
108
108
108
108
106
104
110
110
104
104
150
164
128
104
104
104
104
104
104
104
104
106
106
104
104
104
104
104
104
104
104
106
106
104
104
104
104
106
108
106
106
104
104
104
104
104
104
104
104
104
106
108
106
104
104
106
108
108
106
106
108
108
108
106
104
104
104
104
106
106
104
104
104
106
106
108
108
106
104
104
104
104
104
104
104
104
104
104
104
104
104
104
104
104
104
104
104
104
104
104
104
104
104
104
104
104
104
104
104
104
104
104
104
104
104
104
104
104
104
104
104
104
104
104
104
104
104
104
104
104
104
104
104
104
104
104
104
104
104
104
104
104
104
104
104
104
104
104
104
104
104
104
104
104
104
104
104
104
104
104
104
104
104
104
104
104
104
104
104
104
104
104
104
104
104
104
104
104
104
104
104
104
104
104
104
104
104
104
104
104
104
104
104
104
104
104
104
104
104
104
104
104
104
104
104
104
104
104
104
104
104
104
104
104
104
104
104
104
104
104
104
104
104
104
104
104
104
104
104
104
104
104
104
104
104
104
104
104
104
105
104
104
104
104
104
104
104
105
104
104
104
104
104
104
104
104
104
104
104
104
104
105
104
104
107
105
104
104
104
104
104
104
104
104
104
104
104
104
104
104
104
104
104
104
104
104
104
104
104
104
104
104
104
104
104
104
104
104
104
104
104
104
104
104
104
104
104
104
104
104
104
104
104
104
104
104
104
104
104
104
104
104
104
104
104
104
104
104
104
104
104
104
104
104
104
104
105
105
105
105
104
104
105
104
104
104
104
104
104
104
104
104
106
104
104
104
105
104
105
104
104
104
104
104
104
104
104
104
104
104
104
104
104
104
104
104
105
104
104
106
106
104
104
104
104
104
104
104
104
104
104
104
104
104
104
106
110
110
104
104
104
104
104
104
150
206









































104
104
128
154
166
166
162
166
150
118
104
104
104
104
104
104
104
104
104
104
104
104
104
104
104
104
104
104
104
104
104
104
104
104
104
104
104
104
104
104
104
104
104
104
104
104
104
104
104
104
104
104
104
104
104
104
104
104
104
104
104
104
104
104
104
104
104
104
104
104
104
104
104
104
104
104
104
104
104
104
104
104
104
104
104
104
104
104
104
104
104
104
104
104
104
104
104
104
104
104
104
104
104
104
104
104
104
104
104
104
104
104
104
104
104
104
104
104
104
104
104
104
104
104
104
104
104
104
104
104
104
104
104
104
104
104
104
104
104
104
104
104
104
104
104
104
104
104
104
104
104
104
104
104
104
104
104
104
104
104
104
104
104
104
104
104
104
104
104
104
104
104
104
104
104
104
104
104
104
104
104
104
104
104
104
104
104
104
104
104
104
104
104
104
104
104
104
104
104
104
104
104
104
104
104
104
104
104
104
104
104
104
104
104
104
104
104
104
104
104
104
104
104
104
104
104
104
104
104
104
104
104
104
104
104
104
104
104
104
104
104
104
104
104
104
104
104
104
104
104
104
104
104
104
104
104
104
104
104
104
104
104
104
104
104
104
299

4504
848
383
104
664









688










104
104
112
104
104
104
104
104
104
104
104
168
120
104
104
104
104
124
114
104
104
104
104
104
104
104
104
104
148
120
104
104
104
104
122
114
104
104
104
104
104
104
104
262
140
104
104
104
104
104
122
132
110
104
104
104
104
104
104
284
168
104
104
104
104
104
130
146
116
106
104
104
104
104
104
104
270
246
116
104
104
104
104
124
130
144
116
104
104
104
104
104
104
104
290
316
172
104
104
104
104
104
126
132
142
126
110
104
104
104
104
104
104
262
356
224
112
104
104
104
104
134
148
142
146
118
104
104
104
104
104
104
104
248
372
352
112
104
104
104
104
124
134
140
142
134
108
104
104
104
104
104
104
104
289
367
314
153
104
104
104
104
120
140
150
136
138
130
110
104
104
104
104
104
104
290
390
399
158
112
104
104
104
104
128
144
142
142
144
140
112
104
104
104
104
104
104
104
272
358
368
224
104
104
104
104
104
120
138
136
146
142
142
138
110
104
104
104
104
104
104
104
104
104
104
104
104
104
104
104
104
104
104
104
104
104
104
104
104
104
110
110
110
109
108
110
110
104
104
142
104
104
104
104
104
104
104
104
104
104
104
104
104
112
109
112
112
104
104
123
108
104
104
104
104
104
104
104
104
104
104
104
104
104
104
106
104
104
168
168
104
104
104
104
120
120
104
104
104
104
104
250
250
104
104
104
104
104
126
142
124
104
104
104
104
104
104
137
241
316
318
238
136
104
104
104
104
104
104
